0000000000000000000000000000000000000000000000000000000000000000000000000000000000000000000000000000000000000000000000000000000000000000000000000000000000000000000000000000000000000000000000000000000000000000000000000000000000000000000000000000000000000000
0000000000000000000000000000000000000000000000000000000000000000000000000000000000000000000000000000000000000000000000000000000000000000000000000000000000000000000000000000000000000000000000000000000000000000000000000000000000000000000000000000000000000000
0000000000000000000000000000000000000000000000000000000000000000000000000000000000000000000000000000000000000000000000000000000000000000000000000000000000000000000000000000000000000000000000000000000000000000000000000000000000000000000000000000000000000000
0000000000000000000000000000000000000000000000000000000000000000000000000000000000000000000000000000000000000000000000000000000000000000000000000000000000000000000000000000000000000000000000000000000000000000000000000000000000000000000000000000000000000000
0000000000000000000000000000000000000000000000000000000000000000000000000000000000000000000000000000000000000000000000000000000000000000000000000000000000000000000000000000000000000000000000000000000000000000000000000000000000000000000000000000000000000000
0000000000000000000000000000000000000000000000000000000000000000000000000000000000000000000000000000000000000000000000000000000000000000000000000000000000000000000000000000000000000000000000000000000000000000000000000000000000000000000000000000000000000000
0000000000000000000000000000000000000000000000000000000000000000000000000000000000000000000000000000000000000000000000000000000000000000000000000000000000000000000000000000000000000000000000000000000000000000000000000000000000000000000000000000000000000000
0000000000000000000000000000000000000000000000000000000000000000000000000000000000000000000000000000000000000000000000000000000000000000000000000000000000000000000000000000000000000000000000000000000000000000000000000000000000000000000000000000000000000000
0000000000000000000000000000000000000000000000000000000000000000000000000000000000000000000000000000000000000000000000000000000000000000000000000000000000000000000000000000000000000000000000000000000000000000000000000000000000000000000000000000000000000000
0000000000000000000000000000000000000000000000000000000000000000000000000000000000000000000000000000000000000000000000000000000000000000000000000000000000000000000000000000000000000000000000000000000000000000000000000000000000000000000000000000000000000000
0000000000000000000000000000000000000000000000000000000000000000000000000000000000000000000000000000000000000000000000000000000000000000000000000000000000000000000000000000000000000000000000000000000000000000000000000000000000000000000000000000000000000000
0000000000000000000000000000000000000000000000000000000000000000000000000000000000000000000000000000000000000000000000000000000000000000000000000000000000000000000000000000000000000000000000000000000000000000000000000000000000000000000000000000000000000000
0000000000000000000000000000000000000000000000000000000000000000000000000000000000000000000000000000000000000000000000000000000000000000000000000000000000000000000000000000000000000000000000000000000000000000000000000000000000000000000000000000000000000000
0000000000000000000000000000000000000000000000000000000000000000000000000000000000000000000000000000000000000000000000000000000000000000000000000000000000000000000000000000000000000000000000000000000000000000000000000000000000000000000000000000000000000000
0000000000000000000000000000000000000000000000000000000000000000000000000000000000000000000000000000000000000000000000000000000000000000000000000000000000000000000000000000000000000000000000000000000000000000000000000000000000000000000000000000000000000000
0000000000000000000000000000000000000000000000000000000000000000000000000000000000000000000000000000000000000000000000000000000000000000000000000000000000000000000000000000000000000000000000000000000000000000000000000000000000000000000000000000000000000000
0000000000000000000000000000000000000000000000000000000000000000000000000000000000000000000000000000000000000000000000000000000000000000000000000000000000000000000000000000000000000000000000000000000000000000000000000000000000000000000000000000000000000000
0000000000000000000000000000000000000000000000000000000000000000000000000000000000000000000000000000000000000000000000000000000000000000000000000000000000000000000000000000000000000000000000000000000000000000000000000000000000000000000000000000000000000000
0000000000000000000000000000000000000000000000000000000000000000000000000000000000000000000000000000000000000000000000000000000000000000000000000000000000000000000000000000000000000000000000000000000000000000000000000000000000000000000000000000000000000000
0000000000000000000000000000000000000000000000000000000000000000000000000000000000000000000000000000000000000000000000000000000000000000000000000000000000000000000000000000000000000000000000000000000000000000000000000000000000000000000000000000000000000000
0000000000000000000000000000000000000000000000000000000000000000000000000000000000000000000000000000000000000000000000000000000000000000000000000000000000000000000000000000000000000000000000000000000000000000000000000000000000000000000000000000000000000000
0000000000000000000000000000000000000000000000000000000000000000000000000000000000000000000000000000000000000000000000000000000000000000000000000000000000000000000000000000000000000000000000000000000000000000000000000000000000000000000000000000000000000000
0000000000000000000000000000000000000000000000000000000000000000000000000000000000000000000000000000000000000000000000000000000000000000000000000000000000000000000000000000000000000000000000000000000000000000000000000000000000000000000000000000000000000000
0000000000000000000000000000000000000000000000000000000000000000000000000000000000000000000000000000000000000000000000000000000000000000000000000000000000000000000000000000000000000000000000000000000000000000000000000000000000000000000000000000000000000000
0000000000000000000000000000000000000000000000000000000000000000000000000000000000000000000000000000000000000000000000000000000000000000000000000000000000000000000000000000000000000000000000000000000000000000000000000000000000000000000000000000000000000000
0000000000000000000000000000000000000000000000000000000000000000000000000000000000000000000000000000000000000000000000000000000000000000000000000000000000000000000000000000000000000000000000000000000000000000000000000000000000000000000000000000000000000000
0000000000000000000000000000000000000000000000000000000000000000000000000000000000000000000000000000000000000000000000000000000000000000000000000000000000000000000000000000000000000000000000000000000000000000000000000000000000000000000000000000000000000000
0000000000000000000000000000000000000000000000000000000000000000000000000000000000000000000000000000000000000000000000000000000000000000000000000000000000000000000000000000000000000000000000000000000000000000000000000000000000000000000000000000000000000000
0000000000000000000000000000000000000000000000000000000000000000000000000000000000000000000000000000000000000000000000000000000000000000000000000000000000000000000000000000000000000000000000000000000000000000000000000000000000000000000000000000000000000000
0000000000000000000000000000000000000000000000000000000000000000000000000000000000000000000000000000000000000000000000000000000000000000000000000000000000000000000000000000000000000000000000000000000000000000000000000000000000000000000000000000000000000000
0000000000000000000000000000000000000000000000000000000000000000000000000000000000000000000000000000000000000000000000000000000000000000000000000000000000000000000000000000000000000000000000000000000000000000000000000000000000000000000000000000000000000000
0000000000000000000000000000000000000000000000000000000000000000000000000000000000000000000000000000000000000000000000000000000000000000000000000000000000000000000000000000000000000000000000000000000000000000000000000000000000000000000000000000000000000000
0000000000000000000000003333333333333333333333330000000000000000333333333333333333333333000000003333333300000000000000003333333300000000333333330000000000000000333333330000000033333333333333333333333300000000333333330000000033333333000000000000000000000000
0000000000000000000000001111111111111111111111110000000000000000111111111111111111111111000000001111111100000000000000001111111100000000111111110000000000000000111111110000000011111111111111111111111100000000111111110000000011111111000000000000000000000000
0000000000000000000000003300003333000033330000330000000000000000330000333300003333000033000000003300003300000000000000003300003300000000330000330000000000000000330000330000000033000033330000333300003300000000330000330000000033000033000000000000000000000000
0000000000000000000000003000000330000003300000030000000000000000300000033000000330000003000000003000000300000000000000003000000300000000300000030000000000000000300000030000000030000003300000033000000300000000300000030000000030000003000000000000000000000000
0000000000000000000000003000000330000003300000030000000000000000300000033000000330000003000000003000000300000000000000003000000300000000300000030000000000000000300000030000000030000003300000033000000300000000300000030000000030000003000000000000000000000000
0000000000000000000000003300003333000033330000330000000000000000330000333300003333000033000000003300003300000000000000003300003300000000330000330000000000000000330000330000000033000033330000333300003300000000330000330000000033000033000000000000000000000000
0000000000000000000000003333333333333333333333330000000000000000333333333333333333333333000000003333333300000000000000003333333300000000333333330000000000000000333333330000000033333333333333333333333300000000333333330000000033333333000000000000000000000000
0000000000000000000000001111111111111111111111110000000000000000111111111111111111111111000000001111111100000000000000001111111100000000111111110000000000000000111111110000000011111111111111111111111100000000111111110000000011111111000000000000000000000000
0000000000000000000000003333333333333333000000003333333300000000333333330000000033333333000000003333333333333333000000003333333300000000333333333333333333333333000000000000000033333333000000000000000000000000333333330000000033333333000000000000000000000000
0000000000000000000000001111111111111111000000001111111100000000111111110000000011111111000000001111111111111111000000001111111100000000111111111111111111111111000000000000000011111111000000000000000000000000111111110000000011111111000000000000000000000000
0000000000000000000000003300003333000033000000003300003300000000330000330000000033000033000000003300003333000033000000003300003300000000330000333300003333000033000000000000000033000033000000000000000000000000330000330000000033000033000000000000000000000000
0000000000000000000000003000000330000003000000003000000300000000300000030000000030000003000000003000000330000003000000003000000300000000300000033000000330000003000000000000000030000003000000000000000000000000300000030000000030000003000000000000000000000000
0000000000000000000000003000000330000003000000003000000300000000300000030000000030000003000000003000000330000003000000003000000300000000300000033000000330000003000000000000000030000003000000000000000000000000300000030000000030000003000000000000000000000000
0000000000000000000000003300003333000033000000003300003300000000330000330000000033000033000000003300003333000033000000003300003300000000330000333300003333000033000000000000000033000033000000000000000000000000330000330000000033000033000000000000000000000000
0000000000000000000000003333333333333333000000003333333300000000333333330000000033333333000000003333333333333333000000003333333300000000333333333333333333333333000000000000000033333333000000000000000000000000333333330000000033333333000000000000000000000000
0000000000000000000000001111111111111111000000001111111100000000111111110000000011111111000000001111111111111111000000001111111100000000111111111111111111111111000000000000000011111111000000000000000000000000111111110000000011111111000000000000000000000000
0000000000000000000000003333333333333333000000003333333300000000333333330000000033333333000000003333333333333333333333333333333300000000333333333333333300000000000000000000000033333333333333333333333300000000333333333333333333333333000000000000000000000000
0000000000000000000000001111111111111111000000001111111100000000111111110000000011111111000000001111111111111111111111111111111100000000111111111111111100000000000000000000000011111111111111111111111100000000111111111111111111111111000000000000000000000000
0000000000000000000000003300003333000033000000003300003300000000330000330000000033000033000000003300003333000033330000333300003300000000330000333300003300000000000000000000000033000033330000333300003300000000330000333300003333000033000000000000000000000000
0000000000000000000000003000000330000003000000003000000300000000300000030000000030000003000000003000000330000003300000033000000300000000300000033000000300000000000000000000000030000003300000033000000300000000300000033000000330000003000000000000000000000000
0000000000000000000000003000000330000003000000003000000300000000300000030000000030000003000000003000000330000003300000033000000300000000300000033000000300000000000000000000000030000003300000033000000300000000300000033000000330000003000000000000000000000000
0000000000000000000000003300003333000033000000003300003300000000330000330000000033000033000000003300003333000033330000333300003300000000330000333300003300000000000000000000000033000033330000333300003300000000330000333300003333000033000000000000000000000000
0000000000000000000000003333333333333333000000003333333300000000333333330000000033333333000000003333333333333333333333333333333300000000333333333333333300000000000000000000000033333333333333333333333300000000333333333333333333333333000000000000000000000000
0000000000000000000000001111111111111111000000001111111100000000111111110000000011111111000000001111111111111111111111111111111100000000111111111111111100000000000000000000000011111111111111111111111100000000111111111111111111111111000000000000000000000000
0000000000000000000000003333333333333333000000003333333300000000333333330000000033333333000000003333333300000000333333333333333300000000333333330000000033333333000000000000000033333333000000000000000000000000000000003333333300000000000000000000000000000000
0000000000000000000000001111111111111111000000001111111100000000111111110000000011111111000000001111111100000000111111111111111100000000111111110000000011111111000000000000000011111111000000000000000000000000000000001111111100000000000000000000000000000000
0000000000000000000000003300003333000033000000003300003300000000330000330000000033000033000000003300003300000000330000333300003300000000330000330000000033000033000000000000000033000033000000000000000000000000000000003300003300000000000000000000000000000000
0000000000000000000000003000000330000003000000003000000300000000300000030000000030000003000000003000000300000000300000033000000300000000300000030000000030000003000000000000000030000003000000000000000000000000000000003000000300000000000000000000000000000000
0000000000000000000000003000000330000003000000003000000300000000300000030000000030000003000000003000000300000000300000033000000300000000300000030000000030000003000000000000000030000003000000000000000000000000000000003000000300000000000000000000000000000000
0000000000000000000000003300003333000033000000003300003300000000330000330000000033000033000000003300003300000000330000333300003300000000330000330000000033000033000000000000000033000033000000000000000000000000000000003300003300000000000000000000000000000000
0000000000000000000000003333333333333333000000003333333300000000333333330000000033333333000000003333333300000000333333333333333300000000333333330000000033333333000000000000000033333333000000000000000000000000000000003333333300000000000000000000000000000000
0000000000000000000000001111111111111111000000001111111100000000111111110000000011111111000000001111111100000000111111111111111100000000111111110000000011111111000000000000000011111111000000000000000000000000000000001111111100000000000000000000000000000000
0000000000000000000000003333333333333333333333330000000000000000333333333333333333333333000000003333333300000000000000003333333300000000333333330000000000000000333333330000000033333333333333333333333300000000000000003333333300000000000000000000000000000000
0000000000000000000000001111111111111111111111110000000000000000111111111111111111111111000000001111111100000000000000001111111100000000111111110000000000000000111111110000000011111111111111111111111100000000000000001111111100000000000000000000000000000000
0000000000000000000000003300003333000033330000330000000000000000330000333300003333000033000000003300003300000000000000003300003300000000330000330000000000000000330000330000000033000033330000333300003300000000000000003300003300000000000000000000000000000000
0000000000000000000000003000000330000003300000030000000000000000300000033000000330000003000000003000000300000000000000003000000300000000300000030000000000000000300000030000000030000003300000033000000300000000000000003000000300000000000000000000000000000000
0000000000000000000000003000000330000003300000030000000000000000300000033000000330000003000000003000000300000000000000003000000300000000300000030000000000000000300000030000000030000003300000033000000300000000000000003000000300000000000000000000000000000000
0000000000000000000000003300003333000033330000330000000000000000330000333300003333000033000000003300003300000000000000003300003300000000330000330000000000000000330000330000000033000033330000333300003300000000000000003300003300000000000000000000000000000000
0000000000000000000000003333333333333333333333330000000000000000333333333333333333333333000000003333333300000000000000003333333300000000333333330000000000000000333333330000000033333333333333333333333300000000000000003333333300000000000000000000000000000000
0000000000000000000000001111111111111111111111110000000000000000111111111111111111111111000000001111111100000000000000001111111100000000111111110000000000000000111111110000000011111111111111111111111100000000000000001111111100000000000000000000000000000000
0000000000000000000000000000000000000000000000000000000000000000000000000000000000000000000000000000000000000000000000000000000000000000000000000000000000000000000000000000000000000000000000000000000000000000000000000000000000000000000000000000000000000000
0000000000000000000000000000000000000000000000000000000000000000000000000000000000000000000000000000000000000000000000000000000000000000000000000000000000000000000000000000000000000000000000000000000000000000000000000000000000000000000000000000000000000000
0000000000000000000000000000000000000000000000000000000000000000000000000000000000000000000000000000000000000000000000000000000000000000000000000000000000000000000000000000000000000000000000000000000000000000000000000000000000000000000000000000000000000000
0000000000000000000000000000000000000000000000000000000000000000000000000000000000000000000000000000000000000000000000000000000000000000000000000000000000000000000000000000000000000000000000000000000000000000000000000000000000000000000000000000000000000000
0000000000000000000000000000000000000000000000000000000000000000000000000000000000000000000000000000000000000000000000000000000000000000000000000000000000000000000000000000000000000000000000000000000000000000000000000000000000000000000000000000000000000000
0000000000000000000000000000000000000000000000000000000000000000000000000000000000000000000000000000000000000000000000000000000000000000000000000000000000000000000000000000000000000000000000000000000000000000000000000000000000000000000000000000000000000000
0000000000000000000000000000000000000000000000000000000000000000000000000000000000000000000000000000000000000000000000000000000000000000000000000000000000000000000000000000000000000000000000000000000000000000000000000000000000000000000000000000000000000000
0000000000000000000000000000000000000000000000000000000000000000000000000000000000000000000000000000000000000000000000000000000000000000000000000000000000000000000000000000000000000000000000000000000000000000000000000000000000000000000000000000000000000000
0000000000000000000000000000000000000000000000000000000033333333000000000000000033333333000000003333333333333333333333330000000033333333000000000000000033333333000000003333333333333333333333333333333300000000000000000000000000000000000000000000000000000000
0000000000000000000000000000000000000000000000000000000011111111000000000000000011111111000000001111111111111111111111110000000011111111000000000000000011111111000000001111111111111111111111111111111100000000000000000000000000000000000000000000000000000000
0000000000000000000000000000000000000000000000000000000033000033000000000000000033000033000000003300003333000033330000330000000033000033000000000000000033000033000000003300003333000033330000333300003300000000000000000000000000000000000000000000000000000000
0000000000000000000000000000000000000000000000000000000030000003000000000000000030000003000000003000000330000003300000030000000030000003000000000000000030000003000000003000000330000003300000033000000300000000000000000000000000000000000000000000000000000000
0000000000000000000000000000000000000000000000000000000030000003000000000000000030000003000000003000000330000003300000030000000030000003000000000000000030000003000000003000000330000003300000033000000300000000000000000000000000000000000000000000000000000000
0000000000000000000000000000000000000000000000000000000033000033000000000000000033000033000000003300003333000033330000330000000033000033000000000000000033000033000000003300003333000033330000333300003300000000000000000000000000000000000000000000000000000000
0000000000000000000000000000000000000000000000000000000033333333000000000000000033333333000000003333333333333333333333330000000033333333000000000000000033333333000000003333333333333333333333333333333300000000000000000000000000000000000000000000000000000000
0000000000000000000000000000000000000000000000000000000011111111000000000000000011111111000000001111111111111111111111110000000011111111000000000000000011111111000000001111111111111111111111111111111100000000000000000000000000000000000000000000000000000000
0000000000000000000000000000000000000000000000000000000033333333333333333333333300000000000000003333333300000000333333330000000033333333333333330000000033333333000000003333333300000000000000000000000000000000000000000000000000000000000000000000000000000000
0000000000000000000000000000000000000000000000000000000011111111111111111111111100000000000000001111111100000000111111110000000011111111111111110000000011111111000000001111111100000000000000000000000000000000000000000000000000000000000000000000000000000000
0000000000000000000000000000000000000000000000000000000033000033330000333300003300000000000000003300003300000000330000330000000033000033330000330000000033000033000000003300003300000000000000000000000000000000000000000000000000000000000000000000000000000000
0000000000000000000000000000000000000000000000000000000030000003300000033000000300000000000000003000000300000000300000030000000030000003300000030000000030000003000000003000000300000000000000000000000000000000000000000000000000000000000000000000000000000000
0000000000000000000000000000000000000000000000000000000030000003300000033000000300000000000000003000000300000000300000030000000030000003300000030000000030000003000000003000000300000000000000000000000000000000000000000000000000000000000000000000000000000000
0000000000000000000000000000000000000000000000000000000033000033330000333300003300000000000000003300003300000000330000330000000033000033330000330000000033000033000000003300003300000000000000000000000000000000000000000000000000000000000000000000000000000000
0000000000000000000000000000000000000000000000000000000033333333333333333333333300000000000000003333333300000000333333330000000033333333333333330000000033333333000000003333333300000000000000000000000000000000000000000000000000000000000000000000000000000000
0000000000000000000000000000000000000000000000000000000011111111111111111111111100000000000000001111111100000000111111110000000011111111111111110000000011111111000000001111111100000000000000000000000000000000000000000000000000000000000000000000000000000000
0000000000000000000000000000000000000000000000000000000033333333333333330000000000000000000000003333333300000000333333330000000033333333333333333333333333333333000000003333333300000000333333333333333300000000000000000000000000000000000000000000000000000000
0000000000000000000000000000000000000000000000000000000011111111111111110000000000000000000000001111111100000000111111110000000011111111111111111111111111111111000000001111111100000000111111111111111100000000000000000000000000000000000000000000000000000000
0000000000000000000000000000000000000000000000000000000033000033330000330000000000000000000000003300003300000000330000330000000033000033330000333300003333000033000000003300003300000000330000333300003300000000000000000000000000000000000000000000000000000000
0000000000000000000000000000000000000000000000000000000030000003300000030000000000000000000000003000000300000000300000030000000030000003300000033000000330000003000000003000000300000000300000033000000300000000000000000000000000000000000000000000000000000000
0000000000000000000000000000000000000000000000000000000030000003300000030000000000000000000000003000000300000000300000030000000030000003300000033000000330000003000000003000000300000000300000033000000300000000000000000000000000000000000000000000000000000000
0000000000000000000000000000000000000000000000000000000033000033330000330000000000000000000000003300003300000000330000330000000033000033330000333300003333000033000000003300003300000000330000333300003300000000000000000000000000000000000000000000000000000000
0000000000000000000000000000000000000000000000000000000033333333333333330000000000000000000000003333333300000000333333330000000033333333333333333333333333333333000000003333333300000000333333333333333300000000000000000000000000000000000000000000000000000000
0000000000000000000000000000000000000000000000000000000011111111111111110000000000000000000000001111111100000000111111110000000011111111111111111111111111111111000000001111111100000000111111111111111100000000000000000000000000000000000000000000000000000000
0000000000000000000000000000000000000000000000000000000033333333000000003333333300000000000000003333333300000000333333330000000033333333000000003333333333333333000000003333333300000000000000003333333300000000000000000000000000000000000000000000000000000000
0000000000000000000000000000000000000000000000000000000011111111000000001111111100000000000000001111111100000000111111110000000011111111000000001111111111111111000000001111111100000000000000001111111100000000000000000000000000000000000000000000000000000000
0000000000000000000000000000000000000000000000000000000033000033000000003300003300000000000000003300003300000000330000330000000033000033000000003300003333000033000000003300003300000000000000003300003300000000000000000000000000000000000000000000000000000000
0000000000000000000000000000000000000000000000000000000030000003000000003000000300000000000000003000000300000000300000030000000030000003000000003000000330000003000000003000000300000000000000003000000300000000000000000000000000000000000000000000000000000000
0000000000000000000000000000000000000000000000000000000030000003000000003000000300000000000000003000000300000000300000030000000030000003000000003000000330000003000000003000000300000000000000003000000300000000000000000000000000000000000000000000000000000000
0000000000000000000000000000000000000000000000000000000033000033000000003300003300000000000000003300003300000000330000330000000033000033000000003300003333000033000000003300003300000000000000003300003300000000000000000000000000000000000000000000000000000000
0000000000000000000000000000000000000000000000000000000033333333000000003333333300000000000000003333333300000000333333330000000033333333000000003333333333333333000000003333333300000000000000003333333300000000000000000000000000000000000000000000000000000000
0000000000000000000000000000000000000000000000000000000011111111000000001111111100000000000000001111111100000000111111110000000011111111000000001111111111111111000000001111111100000000000000001111111100000000000000000000000000000000000000000000000000000000
0000000000000000000000000000000000000000000000000000000033333333000000000000000033333333000000003333333333333333333333330000000033333333000000000000000033333333000000003333333333333333333333333333333300000000000000000000000000000000000000000000000000000000
0000000000000000000000000000000000000000000000000000000011111111000000000000000011111111000000001111111111111111111111110000000011111111000000000000000011111111000000001111111111111111111111111111111100000000000000000000000000000000000000000000000000000000
0000000000000000000000000000000000000000000000000000000033000033000000000000000033000033000000003300003333000033330000330000000033000033000000000000000033000033000000003300003333000033330000333300003300000000000000000000000000000000000000000000000000000000
0000000000000000000000000000000000000000000000000000000030000003000000000000000030000003000000003000000330000003300000030000000030000003000000000000000030000003000000003000000330000003300000033000000300000000000000000000000000000000000000000000000000000000
0000000000000000000000000000000000000000000000000000000030000003000000000000000030000003000000003000000330000003300000030000000030000003000000000000000030000003000000003000000330000003300000033000000300000000000000000000000000000000000000000000000000000000
0000000000000000000000000000000000000000000000000000000033000033000000000000000033000033000000003300003333000033330000330000000033000033000000000000000033000033000000003300003333000033330000333300003300000000000000000000000000000000000000000000000000000000
0000000000000000000000000000000000000000000000000000000033333333000000000000000033333333000000003333333333333333333333330000000033333333000000000000000033333333000000003333333333333333333333333333333300000000000000000000000000000000000000000000000000000000
0000000000000000000000000000000000000000000000000000000011111111000000000000000011111111000000001111111111111111111111110000000011111111000000000000000011111111000000001111111111111111111111111111111100000000000000000000000000000000000000000000000000000000
0000000000000000000000000000000000000000000000000000000000000000000000000000000000000000000000000000000000000000000000000000000000000000000000000000000000000000000000000000000000000000000000000000000000000000000000000000000000000000000000000000000000000000
0000000000000000000000000000000000000000000000000000000000000000000000000000000000000000000000000000000000000000000000000000000000000000000000000000000000000000000000000000000000000000000000000000000000000000000000000000000000000000000000000000000000000000
0000000000000000000000000000000000000000000000000000000000000000000000000000000000000000000000000000000000000000000000000000000000000000000000000000000000000000000000000000000000000000000000000000000000000000000000000000000000000000000000000000000000000000
0000000000000000000000000000000000000000000000000000000000000000000000000000000000000000000000000000000000000000000000000000000000000000000000000000000000000000000000000000000000000000000000000000000000000000000000000000000000000000000000000000000000000000
0000000000000000000000000000000000000000000000000000000000000000000000000000000000000000000000000000000000000000000000000000000000000000000000000000000000000000000000000000000000000000000000000000000000000000000000000000000000000000000000000000000000000000
0000000000000000000000000000000000000000000000000000000000000000000000000000000000000000000000000000000000000000000000000000000000000000000000000000000000000000000000000000000000000000000000000000000000000000000000000000000000000000000000000000000000000000
0000000000000000000000000000000000000000000000000000000000000000000000000000000000000000000000000000000000000000000000000000000000000000000000000000000000000000000000000000000000000000000000000000000000000000000000000000000000000000000000000000000000000000
0000000000000000000000000000000000000000000000000000000000000000000000000000000000000000000000000000000000000000000000000000000000000000000000000000000000000000000000000000000000000000000000000000000000000000000000000000000000000000000000000000000000000000
0000000000000000000000000000000000000000000000000000000000000000000000000001100000000000111111000110000000111000011001101111111011111100000000000011111000111000110001101111111000000000001110000000000000000000000000000000000000000000000000000000000000000000
0000000000000000000000000000000000000000000000000000000000000000000000000011100000000000110001100110000001101100011001101100000011000110000000000110000001101100111011101100000000000000011011000000000000000000000000000000000000000000000000000000000000000000
0000000000000000000000000000000000000000000000000000000000000000000000000001100000000000110001100110000011000110011001101100000011000110000000001100000011000110111111101100000000000000110001100000000000000000000000000000000000000000000000000000000000000000
0000000000000000000000000000000000000000000000000000000000000000000000000001100000000000110001100110000011000110001111001111110011001110000000001101111011000110111111101111110000000000110001100000000000000000000000000000000000000000000000000000000000000000
0000000000000000000000000000000000000000000000000000000000000000000000000001100000000000111111000110000011111110000110001100000011111000000000001100011011111110110101101100000000000000111111100000000000000000000000000000000000000000000000000000000000000000
0000000000000000000000000000000000000000000000000000000000000000000000000001100000000000110000000110000011000110000110001100000011011100000000000110011011000110110001101100000000000000110001100000000000000000000000000000000000000000000000000000000000000000
0000000000000000000000000000000000000000000000000000000000000000000000000111111000000000110000000111111011000110000110001111111011001110000000000111111011000110110001101111111000000000110001100000000000000000000000000000000000000000000000000000000000000000
0000000000000000000000000000000000000000000000000000000000000000000000000000000000000000000000000000000000000000000000000000000000000000000000000000000000000000000000000000000000000000000000000000000000000000000000000000000000000000000000000000000000000000
0000000000000000000000000000000000000000000000000000000000000000000000000000000000000000000000000000000000000000000000000000000000000000000000000000000000000000000000000000000000000000000000000000000000000000000000000000000000000000000000000000000000000000
0000000000000000000000000000000000000000000000000000000000000000000000000000000000000000000000000000000000000000000000000000000000000000000000000000000000000000000000000000000000000000000000000000000000000000000000000000000000000000000000000000000000000000
0000000000000000000000000000000000000000000000000000000000000000000000000000000000000000000000000000000000000000000000000000000000000000000000000000000000000000000000000000000000000000000000000000000000000000000000000000000000000000000000000000000000000000
0000000000000000000000000000000000000000000000000000000000000000000000000000000000000000000000000000000000000000000000000000000000000000000000000000000000000000000000000000000000000000000000000000000000000000000000000000000000000000000000000000000000000000
0000000000000000000000000000000000000000000000000000000000000000000000000000000000000000000000000000000000000000000000000000000000000000000000000000000000000000000000000000000000000000000000000000000000000000000000000000000000000000000000000000000000000000
0000000000000000000000000000000000000000000000000000000000000000000000000000000000000000000000000000000000000000000000000000000000000000000000000000000000000000000000000000000000000000000000000000000000000000000000000000000000000000000000000000000000000000
0000000000000000000000000000000000000000000000000000000000000000000000000000000000000000000000000000000000000000000000000000000000000000000000000000000000000000000000000000000000000000000000000000000000000000000000000000000000000000000000000000000000000000
0000000000000000000000000000000000000000000000000000000000000000000000000000000000000000000000000000000000000000000000000000000000000000000000000000000000000000000000000000000000000000000000000000000000000000000000000000000000000000000000000000000000000000
0000000000000000000000000000000000000000000000000000000000000000000000000001100000000000111111000110000000111000011001101111111011111100000000000011111000111000110001101111111000000000111111000000000000000000000000000000000000000000000000000000000000000000
0000000000000000000000000000000000000000000000000000000000000000000000000011100000000000110001100110000001101100011001101100000011000110000000000110000001101100111011101100000000000000110001100000000000000000000000000000000000000000000000000000000000000000
0000000000000000000000000000000000000000000000000000000000000000000000000001100000000000110001100110000011000110011001101100000011000110000000001100000011000110111111101100000000000000110001100000000000000000000000000000000000000000000000000000000000000000
0000000000000000000000000000000000000000000000000000000000000000000000000001100000000000110001100110000011000110001111001111110011001110000000001101111011000110111111101111110000000000111111000000000000000000000000000000000000000000000000000000000000000000
0000000000000000000000000000000000000000000000000000000000000000000000000001100000000000111111000110000011111110000110001100000011111000000000001100011011111110110101101100000000000000110001100000000000000000000000000000000000000000000000000000000000000000
0000000000000000000000000000000000000000000000000000000000000000000000000001100000000000110000000110000011000110000110001100000011011100000000000110011011000110110001101100000000000000110001100000000000000000000000000000000000000000000000000000000000000000
0000000000000000000000000000000000000000000000000000000000000000000000000111111000000000110000000111111011000110000110001111111011001110000000000111111011000110110001101111111000000000111111000000000000000000000000000000000000000000000000000000000000000000
0000000000000000000000000000000000000000000000000000000000000000000000000000000000000000000000000000000000000000000000000000000000000000000000000000000000000000000000000000000000000000000000000000000000000000000000000000000000000000000000000000000000000000
0000000000000000000000000000000000000000000000000000000000000000000000000000000000000000000000000000000000000000000000000000000000000000000000000000000000000000000000000000000000000000000000000000000000000000000000000000000000000000000000000000000000000000
0000000000000000000000000000000000000000000000000000000000000000000000000000000000000000000000000000000000000000000000000000000000000000000000000000000000000000000000000000000000000000000000000000000000000000000000000000000000000000000000000000000000000000
0000000000000000000000000000000000000000000000000000000000000000000000000000000000000000000000000000000000000000000000000000000000000000000000000000000000000000000000000000000000000000000000000000000000000000000000000000000000000000000000000000000000000000
0000000000000000000000000000000000000000000000000000000000000000000000000000000000000000000000000000000000000000000000000000000000000000000000000000000000000000000000000000000000000000000000000000000000000000000000000000000000000000000000000000000000000000
0000000000000000000000000000000000000000000000000000000000000000000000000000000000000000000000000000000000000000000000000000000000000000000000000000000000000000000000000000000000000000000000000000000000000000000000000000000000000000000000000000000000000000
0000000000000000000000000000000000000000000000000000000000000000000000000000000000000000000000000000000000000000000000000000000000000000000000000000000000000000000000000000000000000000000000000000000000000000000000000000000000000000000000000000000000000000
0000000000000000000000000000000000000000000000000000000000000000000000000000000000000000000000000000000000000000000000000000000000000000000000000000000000000000000000000000000000000000000000000000000000000000000000000000000000000000000000000000000000000000
0000000000000000000000000000000000000000000000000000000000000000000000000000000000000000000000000000000000000000000000000000000000000000000000000000000000000000000000000000000000000000000000000000000000000000000000000000000000000000000000000000000000000000
0000000000000000000000000000000000000000000000000000000000000000000000000111110000000000111111000110000000111000011001101111111011111100000000000011111000111000110001101111111000000000001110000000000000000000000000000000000000000000000000000000000000000000
0000000000000000000000000000000000000000000000000000000000000000000000001100011000000000110001100110000001101100011001101100000011000110000000000110000001101100111011101100000000000000011011000000000000000000000000000000000000000000000000000000000000000000
0000000000000000000000000000000000000000000000000000000000000000000000000000111000000000110001100110000011000110011001101100000011000110000000001100000011000110111111101100000000000000110001100000000000000000000000000000000000000000000000000000000000000000
0000000000000000000000000000000000000000000000000000000000000000000000000011110000000000110001100110000011000110001111001111110011001110000000001101111011000110111111101111110000000000110001100000000000000000000000000000000000000000000000000000000000000000
0000000000000000000000000000000000000000000000000000000000000000000000000111100000000000111111000110000011111110000110001100000011111000000000001100011011111110110101101100000000000000111111100000000000000000000000000000000000000000000000000000000000000000
0000000000000000000000000000000000000000000000000000000000000000000000001110000000000000110000000110000011000110000110001100000011011100000000000110011011000110110001101100000000000000110001100000000000000000000000000000000000000000000000000000000000000000
0000000000000000000000000000000000000000000000000000000000000000000000001111111000000000110000000111111011000110000110001111111011001110000000000111111011000110110001101111111000000000110001100000000000000000000000000000000000000000000000000000000000000000
0000000000000000000000000000000000000000000000000000000000000000000000000000000000000000000000000000000000000000000000000000000000000000000000000000000000000000000000000000000000000000000000000000000000000000000000000000000000000000000000000000000000000000
0000000000000000000000000000000000000000000000000000000000000000000000000000000000000000000000000000000000000000000000000000000000000000000000000000000000000000000000000000000000000000000000000000000000000000000000000000000000000000000000000000000000000000
0000000000000000000000000000000000000000000000000000000000000000000000000000000000000000000000000000000000000000000000000000000000000000000000000000000000000000000000000000000000000000000000000000000000000000000000000000000000000000000000000000000000000000
0000000000000000000000000000000000000000000000000000000000000000000000000000000000000000000000000000000000000000000000000000000000000000000000000000000000000000000000000000000000000000000000000000000000000000000000000000000000000000000000000000000000000000
0000000000000000000000000000000000000000000000000000000000000000000000000000000000000000000000000000000000000000000000000000000000000000000000000000000000000000000000000000000000000000000000000000000000000000000000000000000000000000000000000000000000000000
0000000000000000000000000000000000000000000000000000000000000000000000000000000000000000000000000000000000000000000000000000000000000000000000000000000000000000000000000000000000000000000000000000000000000000000000000000000000000000000000000000000000000000
0000000000000000000000000000000000000000000000000000000000000000000000000000000000000000000000000000000000000000000000000000000000000000000000000000000000000000000000000000000000000000000000000000000000000000000000000000000000000000000000000000000000000000
0000000000000000000000000000000000000000000000000000000000000000000000000000000000000000000000000000000000000000000000000000000000000000000000000000000000000000000000000000000000000000000000000000000000000000000000000000000000000000000000000000000000000000
0000000000000000000000000000000000000000000000000000000000000000000000000000000000000000000000000000000000000000000000000000000000000000000000000000000000000000000000000000000000000000000000000000000000000000000000000000000000000000000000000000000000000000
0000000000000000000000000000000000000000000000000000000000000000000000000111110000000000111111000110000000111000011001101111111011111100000000000011111000111000110001101111111000000000111111000000000000000000000000000000000000000000000000000000000000000000
0000000000000000000000000000000000000000000000000000000000000000000000001100011000000000110001100110000001101100011001101100000011000110000000000110000001101100111011101100000000000000110001100000000000000000000000000000000000000000000000000000000000000000
0000000000000000000000000000000000000000000000000000000000000000000000000000111000000000110001100110000011000110011001101100000011000110000000001100000011000110111111101100000000000000110001100000000000000000000000000000000000000000000000000000000000000000
0000000000000000000000000000000000000000000000000000000000000000000000000011110000000000110001100110000011000110001111001111110011001110000000001101111011000110111111101111110000000000111111000000000000000000000000000000000000000000000000000000000000000000
0000000000000000000000000000000000000000000000000000000000000000000000000111100000000000111111000110000011111110000110001100000011111000000000001100011011111110110101101100000000000000110001100000000000000000000000000000000000000000000000000000000000000000
0000000000000000000000000000000000000000000000000000000000000000000000001110000000000000110000000110000011000110000110001100000011011100000000000110011011000110110001101100000000000000110001100000000000000000000000000000000000000000000000000000000000000000
0000000000000000000000000000000000000000000000000000000000000000000000001111111000000000110000000111111011000110000110001111111011001110000000000111111011000110110001101111111000000000111111000000000000000000000000000000000000000000000000000000000000000000
0000000000000000000000000000000000000000000000000000000000000000000000000000000000000000000000000000000000000000000000000000000000000000000000000000000000000000000000000000000000000000000000000000000000000000000000000000000000000000000000000000000000000000
0000000000000000000000000000000000000000000000000000000000000000000000000000000000000000000000000000000000000000000000000000000000000000000000000000000000000000000000000000000000000000000000000000000000000000000000000000000000000000000000000000000000000000
0000000000000000000000000000000000000000000000000000000000000000000000000000000000000000000000000000000000000000000000000000000000000000000000000000000000000000000000000000000000000000000000000000000000000000000000000000000000000000000000000000000000000000
0000000000000000000000000000000000000000000000000000000000000000000000000000000000000000000000000000000000000000000000000000000000000000000000000000000000000000000000000000000000000000000000000000000000000000000000000000000000000000000000000000000000000000
0000000000000000000000000000000000000000000000000000000000000000000000000000000000000000000000000000000000000000000000000000000000000000000000000000000000000000000000000000000000000000000000000000000000000000000000000000000000000000000000000000000000000000
0000000000000000000000000000000000000000000000000000000000000000000000000000000000000000000000000000000000000000000000000000000000000000000000000000000000000000000000000000000000000000000000000000000000000000000000000000000000000000000000000000000000000000
0000000000000000000000000000000000000000000000000000000000000000000000000000000000000000000000000000000000000000000000000000000000000000000000000000000000000000000000000000000000000000000000000000000000000000000000000000000000000000000000000000000000000000
0000000000000000000000000000000000000000000000000000000000000000000000000000000000000000000000000000000000000000000000000000000000000000000000000000000000000000000000000000000000000000000000000000000000000000000000000000000000000000000000000000000000000000
0000000000000000000000000000000000000000000000000000000000000000000000000000000000000000000000000000000000000000000000000000000000000000000000000000000000000000000000000000000000000000000000000000000000000000000000000000000000000000000000000000000000000000
0000000000000000000000000000000000000000001111000001100001111100011110000001100000000000110001100111111011000110011111101111111011000110111110000111110000000000001111000111110000000000011000000111111011111000000000000000000000000000000000000000000000000000
0000000000000000000000000000000000000000010000100011100011000110110001000011100000000000111001100001100011100110000110001100000011100110110011001100011000000000011001101100011000000000011000000001100011001100000000000000000000000000000000000000000000000000
0000000000000000000000000000000000000000100110010001100011000110111001000001100000000000111101100001100011110110000110001100000011110110110001101100011000000000110000001100011000000000011000000001100011000110000000000000000000000000000000000000000000000000
0000000000000000000000000000000000000000101000010001100001111110011110000001100000000000111111100001100011111110000110001111110011111110110001101100011000000000110000001100011000000000011000000001100011000110000000000000000000000000000000000000000000000000
0000000000000000000000000000000000000000101000010001100000000110100001100001100000000000110111100001100011011110000110001100000011011110110001101100011000000000110000001100011001101100011000000001100011000110011000000000000000000000000000000000000000000000
0000000000000000000000000000000000000000100110010001100000001100100001100001100000000000110011100001100011001110000110001100000011001110110011001100011000000000011001101100011001101100011000000001100011001100011000000000000000000000000000000000000000000000
0000000000000000000000000000000000000000010000100111111001111000011111000111111000000000110001100111111011000110000110001111111011000110111110000111110000000000001111000111110000001000011111100001100011111000000000000000000000000000000000000000000000000000
0000000000000000000000000000000000000000001111000000000000000000000000000000000000000000000000000000000000000000000000000000000000000000000000000000000000000000000000000000000000000000000000000000000000000000000000000000000000000000000000000000000000000000
0000000000000000000000000000000000000000000000000000000000000000000000000000000000000000000000000000000000000000000000000000000000000000000000000000000000000000000000000000000000000000000000000000000000000000000000000000000000000000000000000000000000000000
0000000000000000000000000000000000000000000000000000000000000000000000000000000000000000000000000000000000000000000000000000000000000000000000000000000000000000000000000000000000000000000000000000000000000000000000000000000000000000000000000000000000000000
0000000000000000000000000000000000000000000000000000000000000000000000000000000000000000000000000000000000000000000000000000000000000000000000000000000000000000000000000000000000000000000000000000000000000000000000000000000000000000000000000000000000000000
0000000000000000000000000000000000000000000000000000000000000000000000000000000000000000000000000000000000000000000000000000000000000000000000000000000000000000000000000000000000000000000000000000000000000000000000000000000000000000000000000000000000000000
0000000000000000000000000000000000000000000000000000000000000000000000000000000000000000000000000000000000000000000000000000000000000000000000000000000000000000000000000000000000000000000000000000000000000000000000000000000000000000000000000000000000000000
0000000000000000000000000000000000000000000000000000000000000000000000000000000000000000000000000000000000000000000000000000000000000000000000000000000000000000000000000000000000000000000000000000000000000000000000000000000000000000000000000000000000000000
0000000000000000000000000000000000000000000000000000000000000000000000000000000000000000000000000000000000000000000000000000000000000000000000000000000000000000000000000000000000000000000000000000000000000000000000000000000000000000000000000000000000000000
0000000000000000000000000000000000000000000000000000000000000000000000000000000000000000000000000000000000000000000000000000000000000000000000000000000000000000000000000000000000000000000000000000000000000000000000000000000000000000000000000000000000000000
0000000000000000000000000000000000000000000000000000000000000000000000000000000000000000110001100011100011111000111111100000000001111110110001100000000000011110001110001111110000111000110001100000000000000000000000000000000000000000000000000000000000000000
0000000000000000000000000000000000000000000000000000000000000000000000000000000000000000111011100110110011001100110000000000000000011000111001100000000000000110011011001100011001101100111001100000000000000000000000000000000000000000000000000000000000000000
0000000000000000000000000000000000000000000000000000000000000000000000000000000000000000111111101100011011000110110000000000000000011000111101100000000000000110110001101100011011000110111101100000000000000000000000000000000000000000000000000000000000000000
0000000000000000000000000000000000000000000000000000000000000000000000000000000000000000111111101100011011000110111111000000000000011000111111100000000000000110110001101100011011000110111111100000000000000000000000000000000000000000000000000000000000000000
0000000000000000000000000000000000000000000000000000000000000000000000000000000000000000110101101111111011000110110000000000000000011000110111100000000011000110111111101111110011111110110111100000000000000000000000000000000000000000000000000000000000000000
0000000000000000000000000000000000000000000000000000000000000000000000000000000000000000110001101100011011001100110000000000000000011000110011100000000011000110110001101100000011000110110011100000000000000000000000000000000000000000000000000000000000000000
0000000000000000000000000000000000000000000000000000000000000000000000000000000000000000110001101100011011111000111111100000000001111110110001100000000001111100110001101100000011000110110001100000000000000000000000000000000000000000000000000000000000000000
0000000000000000000000000000000000000000000000000000000000000000000000000000000000000000000000000000000000000000000000000000000000000000000000000000000000000000000000000000000000000000000000000000000000000000000000000000000000000000000000000000000000000000
0000000000000000000000000000000000000000000000000000000000000000000000000000000000000000000000000000000000000000000000000000000000000000000000000000000000000000000000000000000000000000000000000000000000000000000000000000000000000000000000000000000000000000
0000000000000000000000000000000000000000000000000000000000000000000000000000000000000000000000000000000000000000000000000000000000000000000000000000000000000000000000000000000000000000000000000000000000000000000000000000000000000000000000000000000000000000
0000000000000000000000000000000000000000000000000000000000000000000000000000000000000000000000000000000000000000000000000000000000000000000000000000000000000000000000000000000000000000000000000000000000000000000000000000000000000000000000000000000000000000
0000000000000000000000000000000000000000000000000000000000000000000000000000000000000000000000000000000000000000000000000000000000000000000000000000000000000000000000000000000000000000000000000000000000000000000000000000000000000000000000000000000000000000
0000000000000000000000000000000000000000000000000000000000000000000000000000000000000000000000000000000000000000000000000000000000000000000000000000000000000000000000000000000000000000000000000000000000000000000000000000000000000000000000000000000000000000
0000000000000000000000000000000000000000000000000000000000000000000000000000000000000000000000000000000000000000000000000000000000000000000000000000000000000000000000000000000000000000000000000000000000000000000000000000000000000000000000000000000000000000
0000000000000000000000000000000000000000000000000000000000000000000000000000000000000000000000000000000000000000000000000000000000000000000000000000000000000000000000000000000000000000000000000000000000000000000000000000000000000000000000000000000000000000
0000000000000000000000000000000000000000000000000000000000000000000000000000000000000000000000000000000000000000000000000000000000000000000000000000000000000000000000000000000000000000000000000000000000000000000000000000000000000000000000000000000000000000
0000000000000000000000000000000000000000000000000000000000000000000000000000000000000000000000000000000000000000000000000000000000000000000000000000000000000000000000000000000000000000000000000000000000000000000000000000000000000000000000000000000000000000
0000000000000000000000000000000000000000000000000000000000000000000000000000000000000000000000000000000000000000000000000000000000000000000000000000000000000000000000000000000000000000000000000000000000000000000000000000000000000000000000000000000000000000
0000000000000000000000000000000000000000000000000000000000000000000000000000000000000000000000000000000000000000000000000000000000000000000000000000000000000000000000000000000000000000000000000000000000000000000000000000000000000000000000000000000000000000
0000000000000000000000000000000000000000000000000000000000000000000000000000000000000000000000000000000000000000000000000000000000000000000000000000000000000000000000000000000000000000000000000000000000000000000000000000000000000000000000000000000000000000
0000000000000000000000000000000000000000000000000000000000000000000000000000000000000000000000000000000000000000000000000000000000000000000000000000000000000000000000000000000000000000000000000000000000000000000000000000000000000000000000000000000000000000
0000000000000000000000000000000000000000000000000000000000000000000000000000000000000000000000000000000000000000000000000000000000000000000000000000000000000000000000000000000000000000000000000000000000000000000000000000000000000000000000000000000000000000
0000000000000000000000000000000000000000000000000000000000000000000000000000000000000000000000000000000000000000000000000000000000000000000000000000000000000000000000000000000000000000000000000000000000000000000000000000000000000000000000000000000000000000
0000000000000000000000000000000000000000000000000000000000000000000000000000000000000000000000000000000000000000000000000000000000000000000000000000000000000000000000000000000000000000000000000000000000000000000000000000000000000000000000000000000000000000
0000000000000000000000000000000000000000000000000000000000000000000000000000000000000000000000000000000000000000000000000000000000000000000000000000000000000000000000000000000000000000000000000000000000000000000000000000000000000000000000000000000000000000
0000000000000000000000000000000000000000000000000000000000000000000000000000000000000000000000000000000000000000000000000000000000000000000000000000000000000000000000000000000000000000000000000000000000000000000000000000000000000000000000000000000000000000
0000000000000000000000000000000000000000000000000000000000000000000000000000000000000000000000000000000000000000000000000000000000000000000000000000000000000000000000000000000000000000000000000000000000000000000000000000000000000000000000000000000000000000
0000000000000000000000000000000000000000000000000000000000000000000000000000000000000000000000000000000000000000000000000000000000000000000000000000000000000000000000000000000000000000000000000000000000000000000000000000000000000000000000000000000000000000
0000000000000000000000000000000000000000000000000000000000000000000000000000000000000000000000000000000000000000000000000000000000000000000000000000000000000000000000000000000000000000000000000000000000000000000000000000000000000000000000000000000000000000
0000000000000000000000000000000000000000000000000000000000000000000000000000000000000000000000000000000000000000000000000000000000000000000000000000000000000000000000000000000000000000000000000000000000000000000000000000000000000000000000000000000000000000
0000000000000000000000000000000000000000000000000000000000000000000000000000000000000000000000000000000000000000000000000000000000000000000000000000000000000000000000000000000000000000000000000000000000000000000000000000000000000000000000000000000000000000
0000000000000000000000000000000000000000000000000000000000000000000000000000000000000000000000000000000000000000000000000000000000000000000000000000000000000000000000000000000000000000000000000000000000000000000000000000000000000000000000000000000000000000
